function a2fColors = fnGetFancyColors()
a2fColors = [...
    79,129,189 % Bright Blue 
192,80,77
155,187,89
128,100,162
75,122,198
247,150,70
0,0,0
255,188,188 % Bright Red
226,253,189 % Bright Green
226,214,242 % Bright Purple
190,239,255 % Bright Cyan
255,204,162 % Bright Orange
206,206,206 % Bright gray
142,109,126 % Dark Blue
]/255;

